1 Cora

GCN
res_random: [0.1028459966460863, 0.07063596284845992, 0.05507076339607385, 0.05095020068523798, 0.0433236867147156, 0.04130764053232996, 0.03665975420303028, 0.03272391961258117, 0.030736062246390288, 0.029283714356204808, 0.027482028341962075, 0.025946108044208778]
res_margin: [0.0941022454857619, 0.06387106581439693, 0.05122393866206944, 0.04503948463502093, 0.038869132756357394, 0.036156562006173766, 0.032603037999533596, 0.03036785127112936, 0.028802114387643626, 0.02810181165431712, 0.026092140261933586, 0.02353277376449578]
res_deepgini:[0.09347378363273202, 0.06638804731926382, 0.05503233357503502, 0.047301753167245816, 0.041300746611329264, 0.036244366316400434, 0.03331827155653258, 0.03359474761524784, 0.030315480077160964, 0.027624331669264555, 0.026688699390881455, 0.02678947983628699]
res_least:[0.09375483002394097, 0.0635880722900602, 0.05185928988133179, 0.04198663039477975, 0.041266995950590704, 0.035921605709573916, 0.03352437709073893, 0.03167249541567865, 0.030199849817530162, 0.027106865826913323, 0.02666460500068103, 0.024882038839192773]
res_variance:[0.09794998415074135, 0.06612001377570005, 0.05732449488755814, 0.04928330578480726, 0.045854490810386235, 0.03815766650637401, 0.03485321541970806, 0.03290385694184716, 0.03209455056486246, 0.02894706345143417, 0.02657670440771672, 0.026386295742346237]

GAT
res_random:[0.1043169280924027, 0.080016322663189, 0.06174259945861156, 0.05445923601194317, 0.04609288804104098, 0.04093407837497239, 0.039320383725569286, 0.03881630491463524, 0.03213611492710936, 0.02999473649263884, 0.02964775804580651, 0.027428410719504227]
res_gest:[0.09947626360942013, 0.06740601829312932, 0.055240984622691884, 0.04594945774921976, 0.040486006095780236, 0.038538519283897614, 0.03310184067982156, 0.03348576061189744, 0.030531123448487258, 0.02868777224364814, 0.02854035308273127, 0.02493046217381679]
res_deepgini:[0.09306562028223643, 0.06910532158868356, 0.058851626159008394, 0.05044937628768401, 0.04511377265254467, 0.041724119828252984, 0.03588950514620562, 0.03563934105096457, 0.030478779874653132, 0.02993522052023239, 0.02917572264523582, 0.027883092611638387]
res_least:[0.09788478472536709, 0.07210751563712879, 0.05633762513365926, 0.04861145078221928, 0.04133805475307671, 0.038140460319296056, 0.03496093515696792, 0.033319068478484024, 0.03196523729453186, 0.030055779808876443, 0.02764541652002657, 0.026240173434786723]
res_variance:[0.10670142884877333, 0.07262342396250493, 0.05998998961834554, 0.04875527496783329, 0.04404143565894746, 0.04140082676354698, 0.0380240185933402, 0.03363090633887641, 0.033393640711897356, 0.029476929679233873, 0.0285513461210108, 0.029169753172861614]

GraphSAGE
res_random:[0.10753121737806136, 0.0726704949837911, 0.055855440912086655, 0.04589801899278766, 0.04368690859560369, 0.03847042735554961, 0.03575165344725396, 0.034313626517834823, 0.03373074187887334, 0.03037544656228694, 0.028861007081638225, 0.028565414464170567]
res_gest:[0.095781813632542, 0.06457319124955102, 0.05302001313088044, 0.04656364837954953, 0.0389587078198181, 0.03727074821180186, 0.03531812808189378, 0.030497752803445473, 0.03003368833058127, 0.028100738739328317, 0.02670585545694625, 0.023887783487439994]
res_deepgini:[0.09062505840104533, 0.06632158861722154, 0.054935595567695554, 0.04689874772961648, 0.040524141042604184, 0.036033053090044426, 0.036615001302978, 0.03127359372829501, 0.029653408029436074, 0.027694016118398175, 0.02674526477699741, 0.026435913919444085]
res_least:[0.09380325832130518, 0.06378063076569106, 0.053642118302220036, 0.04370074889215698, 0.03922341915166125, 0.037402605801334456, 0.035070387952148, 0.032322962486749963, 0.029437713005094054, 0.02880634505167158, 0.026134111498689255, 0.025734324427413042]
res_variance:[0.09345617915234392, 0.06863708940275086, 0.05705239548817488, 0.04602378434644499, 0.04082773163203543, 0.036920407125943695, 0.031787477028255094, 0.03306174795133468, 0.030616964245500464, 0.029658081954149734, 0.02840495052021322, 0.02616353309447044]

TAGCN
res_random:[0.10713444669857407, 0.0713904945181079, 0.058015454401757496, 0.05164926602072586, 0.0440013502145231, 0.04405824727340423, 0.03645720604472539, 0.03587919847811194, 0.03229283594109965, 0.030677054524997315, 0.029883601246537283, 0.026470654949748616]
res_gest:[0.09078449267222923, 0.06695832267674179, 0.05161972236917095, 0.04865368242302978, 0.04207562747122349, 0.03679876129710399, 0.03437872022566447, 0.030143960681976924, 0.02947903932336139, 0.02800364150520949, 0.027590777173079097, 0.024768021743004152]
res_deepgini:[0.10293791941585696, 0.06773336046287769, 0.05556216485212343, 0.0452665571324444, 0.04151575526342086, 0.03937766178324183, 0.03645113949117849, 0.03298395820778495, 0.03220687949128265, 0.029617051561732933, 0.02622924235877845, 0.027049585871393195]
res_least:[0.09030740858752065, 0.06351543382215263, 0.05200438766177585, 0.05069436978801675, 0.04046978435261748, 0.03935516522393476, 0.033574509838995445, 0.03314162045574988, 0.02828037404234854, 0.02838245220464304, 0.026494368906543646, 0.02370611548339435]
res_variance:[0.10622704803095231, 0.06975535355516747, 0.05388547603907929, 0.047490343437799065, 0.04086422785718691, 0.039934622688261374, 0.034126624937355694, 0.03406493196028445, 0.031417675598205755, 0.031338755410654416, 0.02785645819026162, 0.025865068026787723]

2 Citeseer

GCN
res_random:[0.1406461039338702, 0.09377592521204246, 0.07339572301832448, 0.06308933538613865, 0.06117031169004692, 0.05207732013552274, 0.05132840079246883, 0.04367694000056589, 0.041360640644051594, 0.04099223326940895, 0.03799410807675519, 0.03587640020008333]
res_gest:[0.1254438575084956, 0.08548636232387354, 0.07065109200873863, 0.06168880152392876, 0.05439804750906077, 0.049501470895783176, 0.046104395998120266, 0.04481264775288159, 0.040057997974940224, 0.037356128085372496, 0.036472173112922016, 0.03511523251781201]
res_deepgini:[0.13160549088262105, 0.09416364488082675, 0.07817452578498273, 0.05915792326569899, 0.05588676189743519, 0.05337212576836581, 0.04822115183507498, 0.04444947672590111, 0.04360680503473309, 0.0380847065118706, 0.038138838943137444, 0.03370174005163135]
res_least:[0.12650442124218023, 0.08548267375753961, 0.07131108255889076, 0.06279603743503855, 0.05671493815067305, 0.04933451245674339, 0.04598916269572134, 0.04231378757975426, 0.04217183525665125, 0.038475464735488706, 0.03585605020225716, 0.03502693051191198]
res_variance:[0.12180205649409762, 0.09365247466691118, 0.07109599049939676, 0.06589990912928842, 0.057375705632454393, 0.05002557129117302, 0.048409491922711434, 0.045142527183197265, 0.041503024704449804, 0.03914430612397099, 0.03765241801930508, 0.035566982377771124]

GAT

res_random:[0.13008866483432005, 0.0949418854841053, 0.07352784507694575, 0.06866851915674933, 0.05816935044324154, 0.05280772968014847, 0.05034559837472273, 0.04499270567237952, 0.043056530931402714, 0.042678405593011795, 0.03891341961243162, 0.03625344079707857]
res_gest:[0.12436770072104864, 0.09295570676983086, 0.07092621649181292, 0.060785041160523585, 0.0532928004540753, 0.04942028958515253, 0.0447451444167056, 0.04488309076918219, 0.03874048463137497, 0.03763825043161826, 0.035034452173422, 0.03372517672604334]
res_deepgini:[0.12256222565217444, 0.08832159057115493, 0.07015254119912098, 0.061565182362574015, 0.054095100865006684, 0.050526682092345204, 0.04559136045538873, 0.04339849680210517, 0.03927255179276375, 0.03655188501234396, 0.03473663834868804, 0.03373660202174527]
res_least:[0.12390807426687821, 0.08695990272729176, 0.0679848482917696, 0.061725117641082454, 0.05642656124975296, 0.050957131855556816, 0.04644675533541424, 0.041211733792207925, 0.04068775185247361, 0.03890236563127452, 0.03674818019388506, 0.03296426930341944]
res_variance:[0.12748996567968277, 0.09398148848489013, 0.07429520465745257, 0.06636625375365829, 0.05553827290630368, 0.052183385894564956, 0.045606749417534356, 0.04232529563757894, 0.04125238680458058, 0.0384064879411491, 0.036881954902256674, 0.03587108016285128]

GraphSAGE
res_random:[0.14208957606314412, 0.09492050927623302, 0.0741806417635849, 0.0686019818233284, 0.05738553892973763, 0.05369301119291488, 0.05162779206216208, 0.04988271457520703, 0.04250652871220299, 0.041395818532433334, 0.038241385395167554, 0.038574526425269026]
res_gest:[0.11912787091107592, 0.08248446438598742, 0.06892006108285545, 0.0604070748577603, 0.05103822762260689, 0.05017278964071908, 0.04446787947695769, 0.040573644756504254, 0.038005735717901425, 0.038714625148366835, 0.03468489413586872, 0.03275895670025121]
res_deepgini:[0.12592479991412162, 0.08768578547947971, 0.07729018016623018, 0.058616969618920885, 0.05260224685840642, 0.0487492529978258, 0.04782716228635395, 0.043144882768264246, 0.03968167127825935, 0.038727930887267774, 0.034255378380177365, 0.032648793319458635]
res_least:[0.11699318605697479, 0.08551158055250045, 0.06774418143991277, 0.05921288368059735, 0.05379515309649053, 0.045151007278942834, 0.0480728039413077, 0.040794398955792247, 0.038120338761537274, 0.03638354491413252, 0.03316361872732007, 0.03447224507521046]
res_variance:[0.13014928741715556, 0.08851487480214512, 0.07421553829423119, 0.06403593740594139, 0.05484282554438519, 0.05163924337459983, 0.04746056655196147, 0.04456922530201978, 0.03986701227778732, 0.03843871632990978, 0.036014630067022504, 0.03200772311777312]

TAGCN

res_random:[0.1301792123498555, 0.09559785379573668, 0.07873164996836275, 0.06992131070275429, 0.0579280204759058, 0.056058986588634646, 0.04824575466649839, 0.04594725550551627, 0.04222294175972202, 0.04103554333157073, 0.038475331505781814, 0.03613425962646511]
res_gest:[0.12460114825653727, 0.0879502185423229, 0.072306308412685, 0.06262238828258568, 0.050572497250767456, 0.0501958696112213, 0.045273556138015, 0.042911896737178705, 0.04017297477080788, 0.03778060712820369, 0.034396232734420294, 0.03376277228190133]
res_deepgini:[0.12340579277485775, 0.08972592402501554, 0.07168178973547185, 0.060013361464385254, 0.055779602587016294, 0.050704552580148624, 0.04444560755686821, 0.04545557278594124, 0.04198193878186886, 0.03882125178675971, 0.0348366541877069, 0.03528777660718478]
res_least:[0.12469558809513327, 0.086070981838337, 0.07212361506388826, 0.05921258803060364, 0.05693511313599471, 0.050095461430719065, 0.045933345246773775, 0.04295710885758152, 0.039953797009609424, 0.0373190086833749, 0.033651525849631374, 0.03315244765452749]
res_variance:[0.13086407492817714, 0.08728180689304756, 0.07556814526381248, 0.06179933137226297, 0.05786469237215412, 0.05105812994356569, 0.046167241152928896, 0.04575110437740771, 0.04216484472148144, 0.040014330524801356, 0.03679562146445584, 0.036266055214136936]

3
pubmed

GCN


