1 Cora
GCN
[0.3594, 0.682, 0.8571, 0.9032, 0.9217, 0.9447, 0.9585, 0.9724, 1.0, 1.0] mutation
[0.2396, 0.4332, 0.6267, 0.7327, 0.8479, 0.9078, 0.9539, 0.9862, 0.9908, 1.0] margin
[0.2673, 0.4516, 0.6267, 0.7696, 0.8341, 0.8894, 0.9493, 0.9724, 0.9908, 1.0] deepGini
[0.2719, 0.4885, 0.6452, 0.7696, 0.8664, 0.9217, 0.9585, 0.9862, 0.9954, 1.0] leastConfidence
[0.0922, 0.212, 0.318, 0.4194, 0.5346, 0.6313, 0.7235, 0.8157, 0.9032, 1.0] random

GAT
[0.4086, 0.7151, 0.8763, 0.9194, 0.9301, 0.9462, 0.9677, 0.9892, 1.0, 1.0] mutation
[0.2742, 0.4946, 0.6452, 0.7957, 0.8387, 0.9032, 0.9462, 0.9785, 0.9892, 1.0] margin
[0.2312, 0.414, 0.629, 0.7527, 0.8333, 0.8978, 0.9516, 0.9677, 0.9892, 1.0] deepGini
[0.2742, 0.5, 0.6774, 0.7903, 0.871, 0.9355, 0.9624, 0.9892, 0.9892, 1.0] leastConfidence
[0.1022, 0.1774, 0.3065, 0.3978, 0.4731, 0.586, 0.6774, 0.8172, 0.8978, 1.0] random

GraphSAGE
[0.3781, 0.6915, 0.801, 0.8408, 0.8607, 0.9104, 0.9303, 0.9652, 0.9851, 1.0] mutation
[0.2687, 0.4478, 0.6119, 0.7313, 0.8109, 0.8806, 0.9453, 0.9701, 0.9851, 1.0] margin
[0.2637, 0.4328, 0.6169, 0.7214, 0.8109, 0.8756, 0.9104, 0.9502, 0.9751, 1.0] deepGini
[0.2388, 0.4378, 0.6667, 0.7811, 0.8507, 0.9204, 0.9552, 0.9751, 0.9851, 1.0] leastConfidence
[0.0796, 0.199, 0.2637, 0.403, 0.5025, 0.6119, 0.7363, 0.801, 0.9204, 1.0] random

TAGCN






