# Task 1

1 Cora
GCN
[0.3594, 0.682, 0.8571, 0.9032, 0.9217, 0.9447, 0.9585, 0.9724, 1.0, 1.0] mutation
[0.2396, 0.4332, 0.6267, 0.7327, 0.8479, 0.9078, 0.9539, 0.9862, 0.9908, 1.0] margin
[0.2673, 0.4516, 0.6267, 0.7696, 0.8341, 0.8894, 0.9493, 0.9724, 0.9908, 1.0] deepGini
[0.2719, 0.4885, 0.6452, 0.7696, 0.8664, 0.9217, 0.9585, 0.9862, 0.9954, 1.0] leastConfidence
[0.0922, 0.212, 0.318, 0.4194, 0.5346, 0.6313, 0.7235, 0.8157, 0.9032, 1.0] random

GAT
[0.4086, 0.7151, 0.8763, 0.9194, 0.9301, 0.9462, 0.9677, 0.9892, 1.0, 1.0] mutation
[0.2742, 0.4946, 0.6452, 0.7957, 0.8387, 0.9032, 0.9462, 0.9785, 0.9892, 1.0] margin
[0.2312, 0.414, 0.629, 0.7527, 0.8333, 0.8978, 0.9516, 0.9677, 0.9892, 1.0] deepGini
[0.2742, 0.5, 0.6774, 0.7903, 0.871, 0.9355, 0.9624, 0.9892, 0.9892, 1.0] leastConfidence
[0.1022, 0.1774, 0.3065, 0.3978, 0.4731, 0.586, 0.6774, 0.8172, 0.8978, 1.0] random

GraphSAGE
[0.3781, 0.6915, 0.801, 0.8408, 0.8607, 0.9104, 0.9303, 0.9652, 0.9851, 1.0] mutation
[0.2687, 0.4478, 0.6119, 0.7313, 0.8109, 0.8806, 0.9453, 0.9701, 0.9851, 1.0] margin
[0.2637, 0.4328, 0.6169, 0.7214, 0.8109, 0.8756, 0.9104, 0.9502, 0.9751, 1.0] deepGini
[0.2388, 0.4378, 0.6667, 0.7811, 0.8507, 0.9204, 0.9552, 0.9751, 0.9851, 1.0] leastConfidence
[0.0796, 0.199, 0.2637, 0.403, 0.5025, 0.6119, 0.7363, 0.801, 0.9204, 1.0] random

TAGCN
[0.3682, 0.6909, 0.8455, 0.9136, 0.9364, 0.9545, 0.9727, 0.9727, 0.9818, 1.0] mutation
[0.2, 0.4455, 0.6227, 0.7773, 0.9, 0.9409, 0.9682, 0.9818, 0.9955, 1.0] margin
[0.25, 0.4318, 0.5773, 0.6864, 0.7636, 0.8273, 0.9045, 0.9636, 0.9955, 1.0] deepGini
[0.2727, 0.4636, 0.6409, 0.7545, 0.8773, 0.9364, 0.9591, 0.9818, 0.9955, 1.0] leastConfidence
[0.1, 0.2, 0.3091, 0.4364, 0.5591, 0.6545, 0.7455, 0.8455, 0.9045, 1.0] random

2 Citeseer

GCN
[0.2981, 0.4792, 0.6453, 0.7057, 0.7698, 0.8264, 0.8717, 0.9283, 0.9736, 0.9962] mutation
[0.234, 0.4038, 0.5509, 0.6528, 0.7283, 0.8151, 0.8679, 0.9396, 0.966, 0.9962] margin
[0.2038, 0.3472, 0.4717, 0.5887, 0.7057, 0.7849, 0.8604, 0.9283, 0.9623, 0.9962] deepGini
[0.2264, 0.3887, 0.5396, 0.6491, 0.7472, 0.8151, 0.883, 0.9434, 0.9623, 0.9962] leastConfidence
[0.1019, 0.2038, 0.3057, 0.3811, 0.4906, 0.5887, 0.6943, 0.7849, 0.9057, 0.9962] random

GAT
[0.2752, 0.4985, 0.6667, 0.789, 0.8624, 0.893, 0.9205, 0.9602, 0.9786, 0.9969] mutation
[0.2018, 0.3976, 0.5505, 0.6697, 0.7737, 0.8502, 0.9083, 0.9358, 0.9786, 0.9969] margin
[0.1804, 0.3119, 0.4618, 0.5933, 0.7095, 0.7829, 0.8654, 0.945, 0.9786, 0.9969] deepGini
[0.1927, 0.3823, 0.5229, 0.6606, 0.7645, 0.8471, 0.9021, 0.9511, 0.9786, 0.9969] leastConfidence
[0.0795, 0.1713, 0.263, 0.3853, 0.4893, 0.5902, 0.7125, 0.8104, 0.896, 0.9969] random

GraphSAGE

[0.3108, 0.5405, 0.6858, 0.8041, 0.8581, 0.8818, 0.9392, 0.9662, 0.9865, 1.0] mutation
[0.2331, 0.4088, 0.5507, 0.6791, 0.7568, 0.848, 0.902, 0.9459, 0.9831, 1.0] margin
[0.1791, 0.3345, 0.4493, 0.5709, 0.6588, 0.7297, 0.8108, 0.8851, 0.9595, 1.0] deepGini
[0.2027, 0.3919, 0.5203, 0.6318, 0.7365, 0.8311, 0.8986, 0.9223, 0.9831, 1.0] leastConfidence
[0.1014, 0.2128, 0.2838, 0.3953, 0.5068, 0.6149, 0.7162, 0.7973, 0.9054, 1.0] random


TAGCN
[0.2867, 0.52, 0.6767, 0.76, 0.8267, 0.8767, 0.91, 0.9333, 0.9733, 0.9967] mutation
[0.2033, 0.37, 0.5533, 0.6667, 0.77, 0.8567, 0.91, 0.9433, 0.9867, 0.9967] margin
[0.2033, 0.35, 0.4533, 0.5867, 0.6667, 0.7667, 0.8533, 0.9067, 0.9633, 0.9967] deepGini
[0.2367, 0.4, 0.5433, 0.6267, 0.7067, 0.82, 0.9033, 0.94, 0.99, 0.9967] leastConfidence
[0.1167, 0.2233, 0.3233, 0.41, 0.5233, 0.64, 0.7467, 0.83, 0.9033, 0.9967] random


3 pubmed

GCN
[0.2662, 0.5285, 0.7319, 0.8569, 0.8997, 0.9263, 0.9444, 0.961, 0.9843, 1.0] mutation
[0.1426, 0.2828, 0.4206, 0.5485, 0.664, 0.7581, 0.8332, 0.8902, 0.942, 1.0] margin
[0.2757, 0.4976, 0.6288, 0.6987, 0.7567, 0.8094, 0.8617, 0.9183, 0.9648, 1.0] deepGini
[0.2709, 0.4886, 0.6288, 0.7338, 0.8099, 0.8531, 0.8893, 0.9244, 0.9663, 1.0] leastConfidence
[0.0993, 0.1972, 0.3061, 0.4049, 0.4962, 0.5989, 0.6996, 0.8013, 0.9035, 1.0] random

GAT
[0.3645, 0.6205, 0.7368, 0.7817, 0.8252, 0.8716, 0.898, 0.9272, 0.9601, 1.0] mutation
[0.1947, 0.3702, 0.5228, 0.6434, 0.7397, 0.8031, 0.8573, 0.9001, 0.9401, 1.0] margin
[0.2061, 0.3666, 0.4779, 0.5899, 0.6904, 0.7789, 0.8638, 0.9173, 0.9686, 1.0] deepGini
[0.2147, 0.3852, 0.525, 0.6398, 0.7532, 0.8288, 0.8837, 0.9244, 0.9565, 1.0] leastConfidence
[0.1027, 0.2011, 0.3096, 0.4051, 0.4914, 0.6113, 0.7033, 0.7989, 0.8909, 1.0] random


GraphSAGE
[0.3913, 0.6384, 0.7079, 0.7689, 0.8268, 0.8619, 0.9008, 0.9237, 0.9619, 0.9992] mutation
[0.2166, 0.4073, 0.5606, 0.6583, 0.7376, 0.8009, 0.8452, 0.8917, 0.9535, 0.9992] margin
[0.1976, 0.3455, 0.4394, 0.537, 0.6362, 0.7246, 0.8085, 0.8978, 0.9664, 0.9992] deepGini
[0.2136, 0.3791, 0.5324, 0.6552, 0.7475, 0.8116, 0.8604, 0.9085, 0.9649, 0.9992] leastConfidence
[0.1068, 0.2136, 0.3143, 0.4134, 0.5164, 0.6186, 0.7193, 0.8085, 0.9069, 0.9992] random



TAGCN

[0.3739, 0.5249, 0.5951, 0.7282, 0.809, 0.8555, 0.8898, 0.9216, 0.9469, 1.0] mutation
[0.2269, 0.4114, 0.5673, 0.6661, 0.7363, 0.8033, 0.849, 0.8939, 0.9396, 1.0] margin
[0.2171, 0.3592, 0.4727, 0.5576, 0.6547, 0.7339, 0.8122, 0.8751, 0.9494, 1.0] deepGini
[0.2351, 0.3894, 0.5363, 0.6531, 0.7371, 0.809, 0.8547, 0.9004, 0.9453, 1.0] leastConfidence
[0.0824, 0.1763, 0.2767, 0.369, 0.48, 0.5886, 0.6784, 0.7837, 0.9053, 1.0] random



# Task2 攻击数据集

1 Cora
GCN
cora_dice
[0.3187, 0.6096, 0.8207, 0.9084, 0.9243, 0.9442, 0.9602, 0.9761, 0.992, 1.0] mutation
[0.2271, 0.4143, 0.5697, 0.7131, 0.8127, 0.8964, 0.9442, 0.9721, 0.992, 1.0] margin
[0.239, 0.4422, 0.6135, 0.7131, 0.8406, 0.8845, 0.9363, 0.9681, 0.992, 1.0] deepGini
[0.251, 0.4661, 0.6175, 0.753, 0.8446, 0.9124, 0.9442, 0.9801, 0.996, 1.0] leastConfidence
[0.1116, 0.1912, 0.2948, 0.3865, 0.4781, 0.5697, 0.6614, 0.7729, 0.8725, 1.0] random

cora_minmax
[0.3556, 0.6756, 0.8533, 0.8889, 0.9333, 0.9467, 0.9644, 0.9689, 0.9778, 1.0] mutation
[0.2311, 0.44, 0.6089, 0.72, 0.8311, 0.9289, 0.9644, 0.9822, 0.9911, 1.0] margin
[0.24, 0.4356, 0.6311, 0.7644, 0.8356, 0.8933, 0.9422, 0.9689, 0.9911, 1.0] deepGini
[0.2622, 0.4622, 0.6178, 0.76, 0.8711, 0.9244, 0.9644, 0.9822, 0.9956, 1.0] leastConfidence
[0.12, 0.2222, 0.3156, 0.4044, 0.4933, 0.5867, 0.6889, 0.8, 0.8978, 1.0] random

cora_nodeembeddingattack_add
[0.2746, 0.5493, 0.7887, 0.8979, 0.9225, 0.9401, 0.9472, 0.9718, 0.993, 1.0] mutation
[0.2042, 0.3908, 0.5423, 0.669, 0.7923, 0.8873, 0.9507, 0.9824, 0.9894, 1.0] margin
[0.2113, 0.4014, 0.581, 0.7183, 0.8134, 0.8873, 0.9366, 0.9648, 0.993, 1.0] deepGini
[0.2289, 0.4296, 0.6092, 0.7254, 0.8169, 0.9085, 0.9648, 0.9859, 0.993, 1.0] leastConfidence
[0.081, 0.1761, 0.2782, 0.3732, 0.4613, 0.5634, 0.669, 0.757, 0.8873, 1.0] random

cora_nodeembeddingattack_remove
[0.3568, 0.6901, 0.8592, 0.8873, 0.9155, 0.9249, 0.9343, 0.9718, 0.9812, 1.0] mutation
[0.2394, 0.4319, 0.6103, 0.7559, 0.8357, 0.9061, 0.9624, 0.9859, 0.9953, 1.0] margin
[0.2582, 0.4507, 0.615, 0.7559, 0.8498, 0.8826, 0.9437, 0.9718, 0.9812, 1.0] deepGini
[0.2817, 0.4883, 0.6385, 0.7981, 0.8545, 0.9249, 0.9531, 0.9812, 0.9953, 1.0] leastConfidence
[0.108, 0.2019, 0.3005, 0.3662, 0.4836, 0.5681, 0.7042, 0.8216, 0.9249, 1.0] random

cora_pgdattack
[0.3604, 0.6892, 0.8694, 0.8874, 0.9234, 0.9459, 0.9595, 0.9685, 0.991, 1.0] mutation
[0.2342, 0.4505, 0.6261, 0.7342, 0.8423, 0.9189, 0.964, 0.982, 0.991, 1.0] margin
[0.2658, 0.4324, 0.6081, 0.7523, 0.8423, 0.8874, 0.9324, 0.9685, 0.991, 1.0] deepGini
[0.2613, 0.473, 0.6216, 0.7703, 0.8694, 0.9234, 0.964, 0.9865, 0.9955, 1.0] leastConfidence
[0.0676, 0.1712, 0.2883, 0.3739, 0.473, 0.5901, 0.6622, 0.8063, 0.9234, 1.0] random

cora_randomattack_add
[0.2956, 0.5766, 0.7993, 0.8978, 0.9197, 0.938, 0.9599, 0.9708, 0.9854, 1.0] mutation
[0.208, 0.4161, 0.5803, 0.6788, 0.8029, 0.9015, 0.9489, 0.9818, 0.9927, 1.0] margin
[0.2263, 0.4234, 0.6058, 0.719, 0.8212, 0.8905, 0.9234, 0.9708, 0.9891, 1.0] deepGini
[0.2263, 0.4416, 0.6022, 0.7445, 0.8285, 0.9088, 0.9489, 0.9818, 0.9964, 1.0] leastConfidence
[0.1022, 0.2482, 0.3504, 0.4526, 0.5401, 0.6423, 0.7263, 0.8175, 0.9124, 1.0] random

cora_randomattack_flip
[0.315, 0.6102, 0.8307, 0.9134, 0.9213, 0.937, 0.9567, 0.9685, 0.9921, 1.0] mutation
[0.1772, 0.3661, 0.5433, 0.6772, 0.8031, 0.8937, 0.9449, 0.9646, 0.9882, 1.0] margin
[0.2165, 0.4055, 0.6063, 0.7244, 0.815, 0.8701, 0.9449, 0.9606, 0.9843, 1.0] deepGini
[0.2283, 0.3898, 0.5866, 0.7283, 0.8504, 0.9213, 0.9449, 0.9803, 0.9961, 1.0] leastConfidence
[0.126, 0.2283, 0.3228, 0.4134, 0.5157, 0.626, 0.752, 0.8425, 0.9252, 1.0] random

cora_randomattack_remove
[0.3559, 0.6712, 0.8559, 0.8829, 0.9144, 0.9459, 0.964, 0.973, 0.991, 1.0] mutation
[0.2523, 0.4369, 0.6081, 0.7342, 0.8333, 0.9054, 0.9414, 0.9775, 0.991, 1.0] margin
[0.2568, 0.455, 0.6216, 0.7568, 0.8378, 0.8829, 0.9459, 0.9775, 0.991, 1.0] deepGini
[0.2748, 0.482, 0.6396, 0.7883, 0.8514, 0.9144, 0.9414, 0.9865, 0.9955, 1.0] leastConfidence
[0.1081, 0.2297, 0.3468, 0.4595, 0.5541, 0.6622, 0.7342, 0.8378, 0.9234, 1.0] random

GAT
cora_dice
[0.3438, 0.6473, 0.8214, 0.9196, 0.942, 0.9509, 0.9732, 0.9821, 0.9955, 1.0] mutation
[0.2188, 0.4196, 0.5804, 0.7321, 0.817, 0.8929, 0.9286, 0.9688, 0.9955, 1.0] margin
[0.2188, 0.4018, 0.5982, 0.7277, 0.8259, 0.8884, 0.942, 0.9821, 0.9955, 1.0] deepGini
[0.2277, 0.4554, 0.6071, 0.7455, 0.8482, 0.9152, 0.942, 0.9911, 0.9955, 1.0] leastConfidence
[0.1027, 0.2098, 0.2991, 0.3839, 0.4866, 0.567, 0.683, 0.7812, 0.8884, 1.0] random

cora_minmax
[0.3814, 0.7062, 0.8763, 0.9124, 0.9278, 0.9691, 0.9742, 0.9742, 0.9897, 1.0] mutation
[0.2474, 0.4536, 0.6495, 0.7887, 0.8505, 0.9227, 0.9691, 0.9845, 0.9897, 1.0] margin
[0.2113, 0.4175, 0.6082, 0.7577, 0.8505, 0.9021, 0.9433, 0.9639, 0.9845, 1.0] deepGini
[0.2526, 0.4845, 0.6598, 0.8041, 0.8711, 0.9381, 0.9794, 0.9897, 0.9897, 1.0] leastConfidence
[0.0722, 0.1907, 0.2784, 0.3299, 0.4175, 0.5258, 0.6495, 0.7577, 0.9021, 1.0] random

cora_nodeembeddingattack_add
[0.3012, 0.5792, 0.7915, 0.9035, 0.9305, 0.9459, 0.9653, 0.9807, 0.9846, 1.0] mutation
[0.2085, 0.3784, 0.5444, 0.6757, 0.7645, 0.8803, 0.9382, 0.9614, 0.9884, 1.0] margin
[0.2085, 0.39, 0.5598, 0.7181, 0.7915, 0.888, 0.9344, 0.9653, 0.9923, 1.0] deepGini
[0.2124, 0.4093, 0.5753, 0.6988, 0.8301, 0.9228, 0.9421, 0.9807, 0.9884, 1.0] leastConfidence
[0.0965, 0.1969, 0.2857, 0.3977, 0.4595, 0.5444, 0.6525, 0.7876, 0.9151, 1.0] random

cora_nodeembeddingattack_remove
[0.3949, 0.6974, 0.8615, 0.8974, 0.9128, 0.9538, 0.9692, 0.9795, 0.9846, 1.0] mutation
[0.2923, 0.5128, 0.6769, 0.8103, 0.8667, 0.9026, 0.9436, 0.9744, 0.9897, 1.0] margin
[0.2462, 0.4256, 0.6154, 0.7385, 0.8308, 0.8718, 0.9333, 0.9641, 0.9846, 1.0] deepGini
[0.2821, 0.5231, 0.6923, 0.8, 0.8615, 0.9077, 0.9385, 0.9897, 0.9897, 1.0] leastConfidence
[0.0974, 0.1897, 0.3026, 0.4051, 0.4821, 0.559, 0.6615, 0.7436, 0.8769, 1.0] random

cora_pgdattack
[0.4074, 0.7037, 0.873, 0.9048, 0.9259, 0.963, 0.9683, 0.9735, 0.9788, 1.0] mutation
[0.2434, 0.4762, 0.6402, 0.7778, 0.8466, 0.9048, 0.9577, 0.9841, 0.9894, 1.0] margin
[0.2116, 0.418, 0.6032, 0.746, 0.8413, 0.9101, 0.9418, 0.9683, 0.9841, 1.0] deepGini
[0.2698, 0.4921, 0.6667, 0.7937, 0.8677, 0.9312, 0.9735, 0.9894, 0.9894, 1.0] leastConfidence
[0.0899, 0.2063, 0.3122, 0.4127, 0.5185, 0.6349, 0.7249, 0.8148, 0.8942, 1.0] random

cora_randomattack_add
[0.3211, 0.5813, 0.8008, 0.8821, 0.935, 0.9512, 0.9756, 0.9878, 1.0, 1.0] mutation
[0.2073, 0.3902, 0.5285, 0.6707, 0.7724, 0.8496, 0.9187, 0.9553, 0.9878, 1.0] margin
[0.1951, 0.3659, 0.5569, 0.6911, 0.7805, 0.8659, 0.9309, 0.9634, 0.9837, 1.0] deepGini
[0.2236, 0.4106, 0.5691, 0.6829, 0.7927, 0.8821, 0.9309, 0.9797, 0.9878, 1.0] leastConfidence
[0.0854, 0.2073, 0.3374, 0.4187, 0.5122, 0.6016, 0.6992, 0.7846, 0.9024, 1.0] random

cora_randomattack_flip
[0.3195, 0.6141, 0.8174, 0.9295, 0.9544, 0.9585, 0.9793, 0.9876, 1.0, 1.0] mutation
[0.2199, 0.3776, 0.5685, 0.6846, 0.7676, 0.8589, 0.9129, 0.9419, 0.9834, 1.0] margin
[0.1992, 0.39, 0.5643, 0.6971, 0.7842, 0.8672, 0.9212, 0.9627, 0.9834, 1.0] deepGini
[0.2158, 0.4108, 0.5892, 0.722, 0.805, 0.8921, 0.9295, 0.971, 0.9834, 1.0] leastConfidence
[0.1203, 0.1992, 0.3029, 0.4191, 0.5021, 0.6307, 0.7552, 0.8423, 0.9378, 1.0] random

cora_randomattack_remove
[0.397, 0.6834, 0.8593, 0.9095, 0.9296, 0.9648, 0.9749, 0.9799, 0.995, 1.0] mutation
[0.2764, 0.4925, 0.6583, 0.7789, 0.8543, 0.9045, 0.9548, 0.9799, 0.995, 1.0] margin
[0.2362, 0.4171, 0.6131, 0.7538, 0.8492, 0.9045, 0.9598, 0.9749, 0.9849, 1.0] deepGini
[0.2814, 0.4925, 0.6985, 0.794, 0.8643, 0.9095, 0.9698, 0.995, 0.995, 1.0] leastConfidence
[0.1156, 0.2111, 0.3116, 0.3869, 0.4623, 0.5779, 0.6935, 0.799, 0.8744, 1.0] random



GraphSAGE
cora_dice
[0.3604, 0.6486, 0.8063, 0.8649, 0.8829, 0.9099, 0.9414, 0.964, 0.982, 1.0] mutation
[0.2297, 0.4144, 0.5766, 0.6937, 0.7883, 0.8604, 0.9369, 0.964, 0.9955, 1.0] margin
[0.2252, 0.4054, 0.5811, 0.7027, 0.7883, 0.8514, 0.9099, 0.9595, 0.9775, 1.0] deepGini
[0.2072, 0.4099, 0.6171, 0.7387, 0.8243, 0.8874, 0.9595, 0.9775, 0.991, 1.0] leastConfidence
[0.0811, 0.1847, 0.2613, 0.3829, 0.4775, 0.5766, 0.6892, 0.7973, 0.9009, 1.0] random

cora_minmax
[0.3816, 0.6908, 0.8261, 0.8502, 0.8841, 0.9372, 0.942, 0.9758, 0.9807, 1.0] mutation
[0.2367, 0.43, 0.5942, 0.715, 0.8164, 0.8841, 0.9565, 0.9758, 0.9855, 1.0] margin
[0.2705, 0.4493, 0.599, 0.7295, 0.8213, 0.8841, 0.9179, 0.9517, 0.9758, 1.0] deepGini
[0.2367, 0.4348, 0.657, 0.7585, 0.8502, 0.9082, 0.9662, 0.9758, 0.9855, 1.0] leastConfidence
[0.1014, 0.2415, 0.2899, 0.372, 0.4783, 0.5556, 0.6473, 0.7778, 0.8841, 1.0] random

cora_nodeembeddingattack_add
[0.3154, 0.6141, 0.7759, 0.8423, 0.8963, 0.917, 0.9336, 0.971, 0.9834, 1.0] mutation
[0.2158, 0.3817, 0.5602, 0.6846, 0.7884, 0.8548, 0.9253, 0.971, 0.9917, 1.0] margin
[0.2075, 0.3859, 0.527, 0.6556, 0.7718, 0.8506, 0.9004, 0.9544, 0.9834, 1.0] deepGini
[0.1743, 0.3983, 0.5934, 0.722, 0.8174, 0.9046, 0.9544, 0.9793, 0.9876, 1.0] leastConfidence
[0.0954, 0.2033, 0.3112, 0.4066, 0.527, 0.5975, 0.7054, 0.8174, 0.8921, 1.0] random

cora_nodeembeddingattack_remove
[0.3732, 0.6938, 0.799, 0.8517, 0.89, 0.9282, 0.9474, 0.9809, 0.9856, 1.0] mutation
[0.2632, 0.4545, 0.5981, 0.7416, 0.8134, 0.8852, 0.9474, 0.9713, 0.9856, 1.0] margin
[0.2584, 0.4354, 0.6077, 0.7081, 0.7895, 0.8756, 0.9139, 0.9378, 0.9713, 1.0] deepGini
[0.2488, 0.445, 0.6794, 0.7703, 0.8469, 0.9139, 0.9474, 0.9761, 0.9856, 1.0] leastConfidence
[0.0957, 0.2105, 0.3014, 0.4019, 0.5072, 0.6172, 0.7033, 0.8182, 0.9091, 1.0] random

cora_pgdattack
[0.392, 0.7136, 0.8291, 0.8593, 0.8894, 0.9246, 0.9397, 0.9698, 0.9749, 1.0] mutation
[0.2513, 0.4271, 0.598, 0.7186, 0.794, 0.8794, 0.9447, 0.9698, 0.9849, 1.0] margin
[0.2513, 0.4322, 0.6131, 0.7186, 0.809, 0.8744, 0.9095, 0.9497, 0.9749, 1.0] deepGini
[0.2211, 0.4221, 0.6533, 0.7739, 0.8392, 0.9246, 0.9548, 0.9698, 0.9849, 1.0] leastConfidence
[0.1055, 0.2412, 0.3367, 0.4824, 0.5678, 0.6784, 0.7487, 0.8141, 0.8945, 1.0] random

cora_randomattack_add
[0.3362, 0.6379, 0.7759, 0.8276, 0.8664, 0.9052, 0.944, 0.9655, 0.9828, 1.0] mutation
[0.2112, 0.3879, 0.569, 0.6897, 0.8017, 0.8491, 0.9397, 0.9698, 0.9914, 1.0] margin
[0.2112, 0.4052, 0.5603, 0.681, 0.7931, 0.8405, 0.8966, 0.9483, 0.9784, 1.0] deepGini
[0.2026, 0.3879, 0.6164, 0.7241, 0.8233, 0.9052, 0.9483, 0.9784, 0.9914, 1.0] leastConfidence
[0.1078, 0.2069, 0.2931, 0.3793, 0.4741, 0.5991, 0.7112, 0.8233, 0.9397, 1.0] random

cora_randomattack_flip
[0.3333, 0.632, 0.8139, 0.8615, 0.8788, 0.9134, 0.9351, 0.9697, 0.9784, 1.0] mutation
[0.2251, 0.3853, 0.5628, 0.71, 0.7965, 0.8831, 0.9264, 0.9654, 0.987, 1.0] margin
[0.2338, 0.4113, 0.5801, 0.6883, 0.7792, 0.8485, 0.9004, 0.9437, 0.9697, 1.0] deepGini
[0.2165, 0.4113, 0.6147, 0.7403, 0.8442, 0.8874, 0.9481, 0.9784, 0.9827, 1.0] leastConfidence
[0.1126, 0.2511, 0.3333, 0.4502, 0.5628, 0.6364, 0.7229, 0.8312, 0.9264, 1.0] random

cora_randomattack_remove
[0.3702, 0.6875, 0.7933, 0.8365, 0.8798, 0.9279, 0.9471, 0.976, 0.9808, 1.0] mutation
[0.2308, 0.4375, 0.5962, 0.7212, 0.7885, 0.8846, 0.9519, 0.976, 0.9952, 1.0] margin
[0.2163, 0.4231, 0.5673, 0.7067, 0.8029, 0.8846, 0.9135, 0.9567, 0.9808, 1.0] deepGini
[0.226, 0.4135, 0.6298, 0.75, 0.8413, 0.9231, 0.9567, 0.976, 0.9952, 1.0] leastConfidence
[0.0769, 0.1923, 0.2981, 0.4183, 0.4904, 0.5865, 0.7067, 0.7933, 0.9087, 1.0] random

TAGCN
cora_dice
[0.3202, 0.5968, 0.7628, 0.8696, 0.917, 0.9447, 0.9565, 0.9763, 0.9842, 1.0] mutation
[0.2016, 0.4071, 0.581, 0.751, 0.8814, 0.9407, 0.9644, 0.9763, 0.996, 1.0] margin
[0.2134, 0.3992, 0.5573, 0.6759, 0.7708, 0.8419, 0.917, 0.9605, 0.996, 1.0] deepGini
[0.2411, 0.4269, 0.6245, 0.7708, 0.8577, 0.9328, 0.9605, 0.9802, 0.996, 1.0] leastConfidence
[0.083, 0.166, 0.249, 0.3557, 0.4664, 0.5613, 0.6759, 0.7905, 0.8814, 1.0] random

cora_minmax
[0.36, 0.6889, 0.8311, 0.9156, 0.9378, 0.9467, 0.9644, 0.9733, 0.9822, 1.0] mutation
[0.2, 0.4489, 0.6489, 0.7733, 0.8978, 0.9422, 0.9689, 0.9822, 1.0, 1.0] margin
[0.2667, 0.4311, 0.5822, 0.7022, 0.7778, 0.84, 0.92, 0.9689, 1.0, 1.0] deepGini
[0.2622, 0.4711, 0.6489, 0.7733, 0.88, 0.9422, 0.9689, 0.9822, 1.0, 1.0] leastConfidence
[0.1156, 0.2178, 0.3022, 0.3778, 0.4844, 0.6133, 0.7244, 0.8, 0.9244, 1.0] random

cora_nodeembeddingattack_add
[0.2903, 0.5412, 0.7348, 0.853, 0.9068, 0.9319, 0.9606, 0.9677, 0.9892, 1.0] mutation
[0.2079, 0.4301, 0.6237, 0.7706, 0.8638, 0.9462, 0.9713, 0.9821, 1.0, 1.0] margin
[0.2222, 0.3799, 0.5484, 0.6559, 0.7563, 0.828, 0.8817, 0.9534, 1.0, 1.0] deepGini
[0.2294, 0.4624, 0.6201, 0.7634, 0.8746, 0.9427, 0.9677, 0.9821, 1.0, 1.0] leastConfidence
[0.0968, 0.1828, 0.2975, 0.3835, 0.4695, 0.5771, 0.6989, 0.7814, 0.871, 1.0] random

cora_nodeembeddingattack_remove
[0.3665, 0.6652, 0.8371, 0.8914, 0.9321, 0.9548, 0.9729, 0.9774, 0.9864, 1.0] mutation
[0.2172, 0.4253, 0.6244, 0.7376, 0.8733, 0.9367, 0.9638, 0.9864, 0.9955, 1.0] margin
[0.2398, 0.4072, 0.5566, 0.6516, 0.7602, 0.8326, 0.9095, 0.9638, 0.9955, 1.0] deepGini
[0.2398, 0.4434, 0.6018, 0.7421, 0.8507, 0.9005, 0.9593, 0.9774, 0.9955, 1.0] leastConfidence
[0.1222, 0.2081, 0.3167, 0.4299, 0.5158, 0.6018, 0.7014, 0.7692, 0.8778, 1.0] random

cora_pgdattack
[0.3537, 0.6769, 0.8253, 0.917, 0.9389, 0.9563, 0.9694, 0.9694, 0.9825, 1.0] mutation
[0.2009, 0.441, 0.6463, 0.7991, 0.9127, 0.952, 0.9694, 0.9825, 0.9956, 1.0] margin
[0.2314, 0.4236, 0.5852, 0.6856, 0.7729, 0.8515, 0.9039, 0.9651, 0.9956, 1.0] deepGini
[0.2576, 0.4498, 0.6376, 0.7686, 0.9127, 0.9476, 0.9825, 0.9825, 0.9956, 1.0] leastConfidence
[0.1354, 0.2271, 0.3231, 0.393, 0.5022, 0.6288, 0.7205, 0.8122, 0.9214, 1.0] random

cora_randomattack_add
[0.2952, 0.5646, 0.7528, 0.8339, 0.9041, 0.9373, 0.9668, 0.9742, 0.9852, 1.0] mutation
[0.2103, 0.417, 0.6089, 0.7454, 0.8708, 0.941, 0.9594, 0.9815, 0.9963, 1.0] margin
[0.2325, 0.428, 0.5424, 0.6458, 0.7196, 0.8266, 0.8967, 0.9631, 0.9963, 1.0] deepGini
[0.2362, 0.4502, 0.6273, 0.7601, 0.8672, 0.9262, 0.9594, 0.9815, 0.9963, 1.0] leastConfidence
[0.0849, 0.203, 0.31, 0.4022, 0.5055, 0.6125, 0.7232, 0.8081, 0.9188, 1.0] random

cora_randomattack_flip
[0.3011, 0.5799, 0.7621, 0.8587, 0.9368, 0.9517, 0.9703, 0.9777, 0.9851, 1.0] mutation
[0.197, 0.4089, 0.6208, 0.7584, 0.8922, 0.948, 0.974, 0.9888, 1.0, 1.0] margin
[0.2305, 0.3903, 0.539, 0.6654, 0.7584, 0.829, 0.9182, 0.9665, 1.0, 1.0] deepGini
[0.2342, 0.4572, 0.6245, 0.7472, 0.8699, 0.9442, 0.9628, 0.9851, 1.0, 1.0] leastConfidence
[0.1004, 0.2305, 0.3383, 0.4275, 0.539, 0.6208, 0.71, 0.7955, 0.9145, 1.0] random

cora_randomattack_remove
[0.3506, 0.658, 0.8268, 0.9048, 0.9264, 0.9524, 0.974, 0.9784, 0.9913, 1.0] mutation
[0.2208, 0.4372, 0.6277, 0.7835, 0.8961, 0.9481, 0.9654, 0.9784, 1.0, 1.0] margin
[0.2251, 0.4113, 0.5584, 0.6797, 0.7662, 0.8355, 0.9048, 0.9784, 1.0, 1.0] deepGini
[0.2294, 0.4502, 0.6147, 0.7662, 0.8961, 0.9351, 0.9654, 0.9784, 1.0, 1.0] leastConfidence
[0.1255, 0.2208, 0.3203, 0.4069, 0.4632, 0.5628, 0.684, 0.8095, 0.8831, 1.0] random

2 Citeseer
GCN
citeseer_dice
[0.2508, 0.388, 0.5518, 0.6722, 0.7391, 0.7926, 0.8562, 0.9264, 0.9799, 0.9967] mutation
[0.214, 0.3645, 0.5184, 0.6355, 0.7258, 0.7993, 0.8662, 0.9164, 0.9599, 0.9967] margin
[0.1973, 0.3311, 0.4649, 0.5853, 0.6823, 0.7659, 0.8428, 0.9231, 0.9599, 0.9967] deepGini
[0.2074, 0.3612, 0.4983, 0.6488, 0.7258, 0.7993, 0.8696, 0.9331, 0.9599, 0.9967] leastConfidence
[0.1003, 0.2207, 0.3144, 0.4314, 0.5217, 0.6355, 0.7191, 0.7993, 0.9231, 0.9967] random
citeseer_minmax
[0.3037, 0.4778, 0.6185, 0.6889, 0.7444, 0.8111, 0.8704, 0.9259, 0.9741, 0.9963] mutation
[0.2185, 0.4037, 0.5593, 0.6407, 0.7333, 0.7963, 0.863, 0.9296, 0.9593, 0.9963] margin
[0.1815, 0.3296, 0.4741, 0.5963, 0.6889, 0.7852, 0.8444, 0.9148, 0.9593, 0.9963] deepGini
[0.2148, 0.3815, 0.5259, 0.663, 0.7333, 0.8111, 0.8741, 0.9296, 0.963, 0.9963] leastConfidence
[0.0963, 0.1741, 0.2556, 0.3741, 0.4926, 0.5926, 0.7111, 0.8074, 0.8963, 0.9963] random
citeseer_pgdattack
[0.2841, 0.476, 0.6421, 0.7232, 0.7712, 0.8266, 0.8967, 0.9446, 0.9852, 0.9963] mutation
[0.2066, 0.3875, 0.5424, 0.6679, 0.7601, 0.8044, 0.8598, 0.9446, 0.9668, 0.9963] margin
[0.2103, 0.3432, 0.4797, 0.5904, 0.7085, 0.8081, 0.8635, 0.9262, 0.9594, 0.9963] deepGini
[0.2288, 0.3985, 0.5351, 0.6531, 0.7417, 0.8266, 0.8856, 0.9446, 0.9631, 0.9963] leastConfidence
[0.0886, 0.1956, 0.2989, 0.3875, 0.5166, 0.6273, 0.7159, 0.8192, 0.9151, 0.9963] random

citeseer_randomattack_add
[0.2618, 0.47, 0.6183, 0.7382, 0.7918, 0.8297, 0.8707, 0.9306, 0.9748, 0.9968] mutation
[0.2145, 0.388, 0.5394, 0.6467, 0.7476, 0.817, 0.8864, 0.9306, 0.9716, 0.9968] margin
[0.224, 0.3754, 0.511, 0.612, 0.6877, 0.7729, 0.8675, 0.9243, 0.9621, 0.9968] deepGini
[0.224, 0.4038, 0.5363, 0.6562, 0.7319, 0.8076, 0.8896, 0.9369, 0.9653, 0.9968] leastConfidence
[0.1073, 0.1956, 0.2965, 0.388, 0.4795, 0.5962, 0.6972, 0.8044, 0.9117, 0.9968] random

citeseer_randomattack_flip
[0.2595, 0.4557, 0.6329, 0.7215, 0.7848, 0.8386, 0.8829, 0.9399, 0.9715, 0.9968] mutation
[0.1867, 0.3576, 0.5253, 0.6329, 0.7215, 0.8101, 0.8639, 0.9367, 0.9652, 0.9968] margin
[0.2215, 0.3449, 0.481, 0.5981, 0.6899, 0.7816, 0.8544, 0.9177, 0.9652, 0.9968] deepGini
[0.2057, 0.3671, 0.5253, 0.6329, 0.7342, 0.8006, 0.8703, 0.9399, 0.9652, 0.9968] leastConfidence
[0.0918, 0.1899, 0.2943, 0.3797, 0.4968, 0.5823, 0.6646, 0.7943, 0.9051, 0.9968] random

citeseer_randomattack_remove
[0.3015, 0.4559, 0.6066, 0.7169, 0.75, 0.8456, 0.8971, 0.9449, 0.9706, 0.9963] mutation
[0.2279, 0.4154, 0.5551, 0.6507, 0.7206, 0.8162, 0.864, 0.9375, 0.9669, 0.9963] margin
[0.2096, 0.3346, 0.4596, 0.5882, 0.7243, 0.8015, 0.8419, 0.9044, 0.9632, 0.9963] deepGini
[0.2169, 0.3934, 0.5257, 0.6397, 0.7316, 0.8199, 0.8897, 0.9301, 0.9669, 0.9963] leastConfidence
[0.114, 0.2243, 0.3088, 0.4081, 0.4779, 0.5625, 0.6691, 0.7794, 0.8934, 0.9963] random

GAT
citeseer_dice
[0.2425, 0.4496, 0.594, 0.7193, 0.812, 0.8828, 0.9155, 0.9564, 0.9728, 0.9973] mutation
[0.1798, 0.3569, 0.4659, 0.5804, 0.7057, 0.7956, 0.8801, 0.9346, 0.9755, 0.9973] margin
[0.1717, 0.3106, 0.4469, 0.5777, 0.6676, 0.7657, 0.842, 0.9319, 0.9755, 0.9973] deepGini
[0.1989, 0.3433, 0.455, 0.5995, 0.7057, 0.7984, 0.8883, 0.9428, 0.9728, 0.9973] leastConfidence
[0.1172, 0.2316, 0.3052, 0.3978, 0.4959, 0.5777, 0.6703, 0.7793, 0.8992, 0.9973] random

citeseer_minmax
[0.2766, 0.5076, 0.6748, 0.7751, 0.8359, 0.8906, 0.9119, 0.9453, 0.9757, 0.997] mutation
[0.1915, 0.3739, 0.5076, 0.6261, 0.7416, 0.8359, 0.8997, 0.9392, 0.9787, 0.997] margin
[0.1733, 0.3222, 0.462, 0.6018, 0.7143, 0.7994, 0.8663, 0.9422, 0.9787, 0.997] deepGini
[0.1854, 0.3739, 0.5137, 0.6261, 0.7416, 0.8298, 0.9058, 0.9514, 0.9726, 0.997] leastConfidence
[0.0638, 0.1854, 0.3009, 0.4103, 0.5167, 0.5988, 0.6839, 0.7599, 0.8723, 0.997] random

citeseer_pgdattack
[0.2802, 0.4956, 0.6608, 0.7965, 0.8702, 0.8938, 0.9322, 0.9676, 0.9882, 0.9971] mutation
[0.2065, 0.4159, 0.5487, 0.6637, 0.7729, 0.8437, 0.9027, 0.9499, 0.9794, 0.9971] margin
[0.1829, 0.3245, 0.4867, 0.6106, 0.708, 0.7994, 0.8761, 0.9587, 0.9853, 0.9971] deepGini
[0.2094, 0.3894, 0.531, 0.6637, 0.764, 0.8437, 0.9115, 0.9617, 0.9823, 0.9971] leastConfidence
[0.1032, 0.1799, 0.2832, 0.3894, 0.4926, 0.6018, 0.6903, 0.7817, 0.8791, 0.9971] random

citeseer_randomattack_add
[0.2258, 0.4243, 0.6179, 0.7742, 0.8387, 0.8908, 0.9355, 0.9504, 0.9851, 0.9975] mutation
[0.201, 0.3648, 0.5087, 0.6079, 0.7171, 0.799, 0.8908, 0.9454, 0.9752, 0.9975] margin
[0.1613, 0.3176, 0.4541, 0.5906, 0.6973, 0.799, 0.8685, 0.9256, 0.9826, 0.9975] deepGini
[0.1836, 0.3424, 0.5012, 0.6228, 0.7395, 0.8337, 0.8958, 0.9454, 0.9801, 0.9975] leastConfidence
[0.1042, 0.2084, 0.3226, 0.4243, 0.5112, 0.598, 0.6948, 0.7965, 0.9156, 0.9975] random

citeseer_randomattack_flip
[0.2278, 0.4506, 0.6405, 0.7595, 0.8405, 0.8886, 0.9165, 0.9468, 0.9772, 0.9975] mutation
[0.1848, 0.3291, 0.4709, 0.6127, 0.7139, 0.8203, 0.881, 0.9342, 0.9747, 0.9975] margin
[0.162, 0.3114, 0.4582, 0.5797, 0.6911, 0.7747, 0.8557, 0.9215, 0.9772, 0.9975] deepGini
[0.1722, 0.3367, 0.4911, 0.6177, 0.7291, 0.8253, 0.8886, 0.9392, 0.9772, 0.9975] leastConfidence
[0.1038, 0.1772, 0.2911, 0.4076, 0.5063, 0.6101, 0.6962, 0.8, 0.9038, 0.9975] random

citeseer_randomattack_remove
[0.2805, 0.503, 0.6067, 0.7713, 0.8323, 0.8902, 0.9177, 0.9512, 0.9848, 0.997] mutation
[0.2226, 0.3689, 0.5244, 0.6524, 0.75, 0.8293, 0.8963, 0.9329, 0.9756, 0.997] margin
[0.1768, 0.3018, 0.4634, 0.5854, 0.7073, 0.7713, 0.8659, 0.9451, 0.9695, 0.997] deepGini
[0.1951, 0.3811, 0.5091, 0.6341, 0.7287, 0.8354, 0.8994, 0.9512, 0.9756, 0.997] leastConfidence
[0.1128, 0.2317, 0.3201, 0.4177, 0.503, 0.5884, 0.6921, 0.7866, 0.878, 0.997] random

GraphSAGE
citeseer_dice
[0.2642, 0.4801, 0.6392, 0.7642, 0.8466, 0.8778, 0.9091, 0.9602, 0.9858, 1.0] mutation
[0.2045, 0.3807, 0.5312, 0.6534, 0.7528, 0.8352, 0.9006, 0.9489, 0.9886, 1.0] margin
[0.1676, 0.3182, 0.4375, 0.5483, 0.6477, 0.7443, 0.8125, 0.8778, 0.9659, 1.0] deepGini
[0.1875, 0.3608, 0.4915, 0.6108, 0.7216, 0.8153, 0.8949, 0.9375, 0.9688, 1.0] leastConfidence
[0.0966, 0.2188, 0.3182, 0.3949, 0.5085, 0.6051, 0.6932, 0.8125, 0.8977, 1.0] random

citeseer_minmax
[0.3105, 0.549, 0.683, 0.781, 0.8497, 0.8922, 0.9412, 0.9673, 0.9869, 1.0] mutation
[0.2157, 0.3856, 0.5294, 0.6732, 0.7614, 0.8497, 0.9183, 0.9477, 0.9837, 1.0] margin
[0.1699, 0.3366, 0.4575, 0.5654, 0.6667, 0.7516, 0.8203, 0.8758, 0.9575, 1.0] deepGini
[0.2059, 0.3922, 0.5261, 0.6275, 0.7255, 0.8333, 0.915, 0.9314, 0.9739, 1.0] leastConfidence
[0.1078, 0.1961, 0.2876, 0.3856, 0.5098, 0.5948, 0.732, 0.8333, 0.9281, 1.0] random

citeseer_pgdattack
[0.3013, 0.5298, 0.6821, 0.8046, 0.8642, 0.904, 0.947, 0.9735, 0.9901, 1.0] mutation
[0.2219, 0.4106, 0.5563, 0.6854, 0.7748, 0.8609, 0.9172, 0.947, 0.9801, 1.0] margin
[0.1788, 0.3344, 0.4603, 0.5695, 0.6689, 0.7483, 0.8311, 0.8874, 0.9636, 1.0] deepGini
[0.1987, 0.394, 0.543, 0.6424, 0.745, 0.8377, 0.9007, 0.9272, 0.9768, 1.0] leastConfidence
[0.0894, 0.1755, 0.2715, 0.3742, 0.4768, 0.5927, 0.6656, 0.7914, 0.9238, 1.0] random

citeseer_randomattack_add
[0.2743, 0.4985, 0.6785, 0.7994, 0.8673, 0.8909, 0.9233, 0.9617, 0.9912, 1.0] mutation
[0.1888, 0.3599, 0.5162, 0.6342, 0.7552, 0.826, 0.8968, 0.944, 0.9882, 1.0] margin
[0.1947, 0.3333, 0.4661, 0.5811, 0.6873, 0.7581, 0.8348, 0.885, 0.9735, 1.0] deepGini
[0.2212, 0.3805, 0.5162, 0.6372, 0.7345, 0.8201, 0.8791, 0.941, 0.9764, 1.0] leastConfidence
[0.1121, 0.2035, 0.3127, 0.413, 0.5103, 0.6047, 0.7021, 0.826, 0.9145, 1.0] random

citeseer_randomattack_flip
[0.2779, 0.5043, 0.6791, 0.7994, 0.8567, 0.8883, 0.9284, 0.9713, 0.9885, 1.0] mutation
[0.1948, 0.3725, 0.5014, 0.6246, 0.745, 0.8281, 0.9026, 0.9484, 0.9799, 1.0] margin
[0.1748, 0.341, 0.4728, 0.5903, 0.6791, 0.7507, 0.8109, 0.8797, 0.9513, 1.0] deepGini
[0.1805, 0.3754, 0.5244, 0.6447, 0.7421, 0.8252, 0.8997, 0.9284, 0.9685, 1.0] leastConfidence
[0.0917, 0.192, 0.2865, 0.3954, 0.5129, 0.6046, 0.6963, 0.7593, 0.8883, 1.0] random

citeseer_randomattack_remove
[0.2919, 0.5248, 0.6863, 0.7919, 0.8571, 0.8882, 0.9193, 0.9627, 0.9876, 1.0] mutation
[0.2019, 0.4006, 0.5497, 0.6708, 0.7795, 0.8571, 0.9068, 0.9441, 0.9814, 1.0] margin
[0.1894, 0.3509, 0.4814, 0.5807, 0.6708, 0.7578, 0.8447, 0.8975, 0.9627, 1.0] deepGini
[0.205, 0.3727, 0.5404, 0.6398, 0.7516, 0.8323, 0.9006, 0.9317, 0.9783, 1.0] leastConfidence
[0.1118, 0.2391, 0.3571, 0.4441, 0.5435, 0.6149, 0.7112, 0.8106, 0.9224, 1.0] random

TAGCN
citeseer_dice
[0.2275, 0.463, 0.6243, 0.7222, 0.8042, 0.8624, 0.9153, 0.9471, 0.9815, 0.9974] mutation
[0.1614, 0.3201, 0.4815, 0.6349, 0.7249, 0.8148, 0.873, 0.9392, 0.9815, 0.9974] margin
[0.1587, 0.3148, 0.4497, 0.5582, 0.6614, 0.746, 0.8333, 0.8915, 0.9444, 0.9974] deepGini
[0.1746, 0.3492, 0.4921, 0.6217, 0.6984, 0.7804, 0.873, 0.9339, 0.9656, 0.9974] leastConfidence
[0.1058, 0.1984, 0.3016, 0.3942, 0.4841, 0.5794, 0.7011, 0.8069, 0.9074, 0.9974] random

citeseer_minmax
[0.2917, 0.5174, 0.6528, 0.7292, 0.8194, 0.8854, 0.9167, 0.9514, 0.9792, 0.9965] mutation
[0.184, 0.3785, 0.5521, 0.6562, 0.7396, 0.8368, 0.8889, 0.9306, 0.9722, 0.9965] margin
[0.2014, 0.3438, 0.441, 0.5347, 0.6354, 0.7604, 0.8438, 0.9028, 0.9653, 0.9965] deepGini
[0.2222, 0.3819, 0.5243, 0.6076, 0.6979, 0.8021, 0.8958, 0.941, 0.9861, 0.9965] leastConfidence
[0.0799, 0.184, 0.2847, 0.3958, 0.4792, 0.5729, 0.6979, 0.7951, 0.8889, 0.9965] random

citeseer_pgdattack
[0.2801, 0.5114, 0.6678, 0.7492, 0.8274, 0.8795, 0.9088, 0.9381, 0.9739, 0.9967] mutation
[0.2117, 0.3909, 0.5603, 0.6906, 0.7948, 0.8632, 0.9121, 0.9349, 0.987, 0.9967] margin
[0.2182, 0.3713, 0.4853, 0.5831, 0.6906, 0.785, 0.8697, 0.9088, 0.9739, 0.9967] deepGini
[0.2248, 0.4202, 0.5407, 0.6645, 0.7394, 0.8274, 0.9023, 0.9414, 0.9902, 0.9967] leastConfidence
[0.0977, 0.2052, 0.2964, 0.3974, 0.4951, 0.5928, 0.684, 0.7948, 0.9023, 0.9967] random

citeseer_randomattack_add
[0.2245, 0.4413, 0.6214, 0.7467, 0.8303, 0.8877, 0.9243, 0.9556, 0.9765, 0.9974] mutation
[0.1723, 0.342, 0.5222, 0.6449, 0.7493, 0.8198, 0.8956, 0.9426, 0.9687, 0.9974] margin
[0.1697, 0.3211, 0.47, 0.5875, 0.6815, 0.7728, 0.8564, 0.9138, 0.9582, 0.9974] deepGini
[0.1932, 0.3629, 0.5248, 0.6449, 0.7415, 0.8198, 0.8721, 0.9347, 0.9713, 0.9974] leastConfidence
[0.0966, 0.2063, 0.3029, 0.3916, 0.4987, 0.6031, 0.6971, 0.8068, 0.9164, 0.9974] random

citeseer_randomattack_flip
[0.2344, 0.4489, 0.6284, 0.7207, 0.8005, 0.8579, 0.8978, 0.9426, 0.9651, 0.9975] mutation
[0.1671, 0.3491, 0.4938, 0.6209, 0.7182, 0.813, 0.8853, 0.9451, 0.9726, 0.9975] margin
[0.1671, 0.3117, 0.4464, 0.5461, 0.6409, 0.7631, 0.8504, 0.9152, 0.9501, 0.9975] deepGini
[0.187, 0.3491, 0.4938, 0.606, 0.7207, 0.7905, 0.8828, 0.9401, 0.9701, 0.9975] leastConfidence
[0.0798, 0.1746, 0.2943, 0.3915, 0.4863, 0.581, 0.6908, 0.7855, 0.8903, 0.9975] random

citeseer_randomattack_remove
[0.2685, 0.5185, 0.6759, 0.7778, 0.8395, 0.9074, 0.929, 0.9475, 0.9753, 0.9969] mutation
[0.213, 0.3858, 0.5494, 0.6759, 0.7901, 0.8549, 0.9105, 0.9568, 0.9907, 0.9969] margin
[0.1914, 0.3796, 0.5093, 0.5957, 0.6852, 0.7747, 0.858, 0.9074, 0.963, 0.9969] deepGini
[0.1975, 0.4074, 0.5463, 0.6481, 0.7346, 0.8333, 0.9012, 0.9537, 0.9877, 0.9969] leastConfidence
[0.0772, 0.1605, 0.2778, 0.3642, 0.466, 0.5586, 0.679, 0.787, 0.9105, 0.9969] random

3 pubmed
GCN
pubmed_dice
[0.2514, 0.4914, 0.6694, 0.8027, 0.8604, 0.8982, 0.9234, 0.9572, 0.9829, 1.0] mutation
[0.1455, 0.2757, 0.4, 0.5207, 0.6347, 0.7243, 0.8077, 0.8802, 0.9378, 1.0] margin
[0.2509, 0.4482, 0.5716, 0.6455, 0.709, 0.7689, 0.8329, 0.9041, 0.9599, 1.0] deepGini
[0.2464, 0.4356, 0.568, 0.6743, 0.7505, 0.8117, 0.8554, 0.9122, 0.9608, 1.0] leastConfidence
[0.0923, 0.2027, 0.291, 0.391, 0.4991, 0.5977, 0.6964, 0.7914, 0.895, 1.0] random

pubmed_nodeembeddingattack_add
[0.2649, 0.52, 0.7238, 0.8433, 0.8791, 0.8998, 0.9233, 0.9605, 0.9854, 1.0] mutation
[0.1454, 0.2833, 0.4165, 0.5464, 0.6536, 0.7431, 0.8259, 0.8852, 0.9393, 1.0] margin
[0.2701, 0.4833, 0.6042, 0.6791, 0.7332, 0.7929, 0.8513, 0.9115, 0.9624, 1.0] deepGini
[0.2659, 0.4734, 0.6028, 0.7092, 0.7746, 0.832, 0.8739, 0.9153, 0.9652, 1.0] leastConfidence
[0.0936, 0.2038, 0.3096, 0.4108, 0.5111, 0.6127, 0.7111, 0.8099, 0.9045, 1.0] random

pubmed_nodeembeddingattack_remove
[0.2663, 0.5273, 0.729, 0.8483, 0.8835, 0.9054, 0.9344, 0.9643, 0.9853, 1.0] mutation
[0.1469, 0.2858, 0.4199, 0.554, 0.6624, 0.7494, 0.8193, 0.8811, 0.9415, 1.0] margin
[0.2715, 0.4855, 0.612, 0.6824, 0.7366, 0.7955, 0.8455, 0.9092, 0.9615, 1.0] deepGini
[0.2687, 0.4769, 0.6101, 0.7161, 0.7732, 0.8279, 0.873, 0.9154, 0.9658, 1.0] leastConfidence
[0.1008, 0.1988, 0.2962, 0.3971, 0.4998, 0.6025, 0.6976, 0.796, 0.8978, 1.0] random

pubmed_randomattack_add
[0.2518, 0.5009, 0.701, 0.8274, 0.8755, 0.9066, 0.9295, 0.9574, 0.9826, 1.0] mutation
[0.1442, 0.2825, 0.4029, 0.5201, 0.6364, 0.7326, 0.8068, 0.8759, 0.9354, 1.0] margin
[0.2541, 0.4551, 0.5774, 0.6612, 0.7276, 0.7848, 0.8526, 0.9084, 0.9625, 1.0] deepGini
[0.2486, 0.4409, 0.581, 0.6886, 0.7596, 0.8246, 0.8727, 0.9135, 0.9652, 1.0] leastConfidence
[0.1044, 0.1983, 0.3022, 0.402, 0.4922, 0.592, 0.6973, 0.8004, 0.9016, 1.0] random


pubmed_randomattack_flip
[0.2553, 0.4939, 0.6978, 0.8257, 0.8707, 0.903, 0.9267, 0.9558, 0.9795, 1.0] mutation
[0.1452, 0.2804, 0.3955, 0.5189, 0.635, 0.7251, 0.8061, 0.8739, 0.939, 1.0] margin
[0.2553, 0.4524, 0.5694, 0.6454, 0.7164, 0.7824, 0.843, 0.903, 0.9622, 1.0] deepGini
[0.2508, 0.4365, 0.5762, 0.6791, 0.7651, 0.8179, 0.8689, 0.9135, 0.9613, 1.0] leastConfidence
[0.0979, 0.2007, 0.2986, 0.3983, 0.5025, 0.6022, 0.701, 0.8006, 0.9026, 1.0] random

pubmed_randomattack_remove
[0.2656, 0.5188, 0.6867, 0.8245, 0.8798, 0.9041, 0.928, 0.9623, 0.9843, 1.0] mutation
[0.1459, 0.2856, 0.4211, 0.556, 0.66, 0.7501, 0.8293, 0.8846, 0.9418, 1.0] margin
[0.267, 0.4835, 0.6109, 0.6748, 0.733, 0.7964, 0.8526, 0.9118, 0.9614, 1.0] deepGini
[0.2651, 0.4707, 0.6028, 0.7058, 0.7697, 0.8278, 0.876, 0.9208, 0.9647, 1.0] leastConfidence
[0.1025, 0.2055, 0.3095, 0.4101, 0.5117, 0.6133, 0.7129, 0.8135, 0.9022, 1.0] random


GraphSAGE
pubmed_dice
[0.3317, 0.5849, 0.6876, 0.7598, 0.8301, 0.865, 0.906, 0.9353, 0.9658, 0.9994] mutation
[0.1892, 0.3721, 0.5246, 0.6478, 0.7349, 0.7984, 0.8575, 0.8986, 0.9583, 0.9994] margin
[0.1935, 0.3429, 0.463, 0.552, 0.6497, 0.7436, 0.8245, 0.8986, 0.972, 0.9994] deepGini
[0.1985, 0.3703, 0.5072, 0.6347, 0.7337, 0.8164, 0.8662, 0.9073, 0.967, 0.9994] leastConfidence
[0.107, 0.2066, 0.318, 0.3983, 0.5009, 0.5881, 0.6907, 0.8065, 0.8955, 0.9994] random

pubmed_nodeembeddingattack_add
[0.3831, 0.6288, 0.6978, 0.7669, 0.8241, 0.8612, 0.8998, 0.9272, 0.9621, 0.9993] mutation
[0.2071, 0.3994, 0.5553, 0.6585, 0.7365, 0.7981, 0.8434, 0.8946, 0.954, 0.9993] margin
[0.1982, 0.3497, 0.4484, 0.5479, 0.6437, 0.729, 0.8144, 0.8998, 0.9651, 0.9993] deepGini
[0.2146, 0.3838, 0.5241, 0.6511, 0.7461, 0.8077, 0.8604, 0.9065, 0.9651, 0.9993] leastConfidence
[0.1024, 0.196, 0.297, 0.4046, 0.4981, 0.5969, 0.7097, 0.8003, 0.8938, 0.9993] random

pubmed_nodeembeddingattack_remove
[0.391, 0.6401, 0.7084, 0.7684, 0.8261, 0.8618, 0.9028, 0.9263, 0.962, 0.9992] mutation
[0.2141, 0.4055, 0.5596, 0.6583, 0.738, 0.8011, 0.8436, 0.8922, 0.9537, 0.9992] margin
[0.2012, 0.347, 0.4396, 0.5353, 0.6386, 0.7259, 0.8102, 0.8998, 0.9666, 0.9992] deepGini
[0.2164, 0.3804, 0.5353, 0.656, 0.7494, 0.8079, 0.8603, 0.9058, 0.9651, 0.9992] leastConfidence
[0.1169, 0.2088, 0.3227, 0.4214, 0.5383, 0.6355, 0.7259, 0.8238, 0.9028, 0.9992] random

pubmed_randomattack_add
[0.3466, 0.6115, 0.7116, 0.7789, 0.8404, 0.8751, 0.9137, 0.9333, 0.9601, 0.9993] mutation
[0.2034, 0.3846, 0.5396, 0.6593, 0.7377, 0.8005, 0.8613, 0.898, 0.9562, 0.9993] margin
[0.2145, 0.3506, 0.4624, 0.5592, 0.6632, 0.741, 0.8182, 0.9026, 0.9706, 0.9993] deepGini
[0.2198, 0.3833, 0.516, 0.6468, 0.7462, 0.8273, 0.8685, 0.913, 0.964, 0.9993] leastConfidence
[0.0948, 0.1969, 0.3009, 0.3924, 0.4892, 0.5886, 0.6972, 0.7946, 0.8973, 0.9993] random

pubmed_randomattack_flip
[0.355, 0.6126, 0.6987, 0.7742, 0.8325, 0.8815, 0.9146, 0.9311, 0.9623, 0.9993] mutation
[0.1974, 0.3715, 0.5291, 0.6404, 0.7325, 0.8013, 0.8576, 0.8993, 0.953, 0.9993] margin
[0.2, 0.3444, 0.4583, 0.5642, 0.6662, 0.7424, 0.8146, 0.8974, 0.9675, 0.9993] deepGini
[0.2046, 0.3722, 0.5179, 0.6457, 0.7424, 0.8192, 0.8728, 0.9139, 0.9642, 0.9993] leastConfidence
[0.1113, 0.2192, 0.3179, 0.4119, 0.5093, 0.6079, 0.7013, 0.8073, 0.9007, 0.9993] random

pubmed_randomattack_remove
[0.3732, 0.6469, 0.7284, 0.7878, 0.8383, 0.8721, 0.9115, 0.9337, 0.9634, 0.9993] mutation
[0.2039, 0.3988, 0.5639, 0.68, 0.7623, 0.8196, 0.8576, 0.8977, 0.9592, 0.9993] margin
[0.2198, 0.3898, 0.4969, 0.5674, 0.6586, 0.7408, 0.8176, 0.9005, 0.9696, 0.9993] deepGini
[0.2315, 0.4188, 0.5494, 0.6669, 0.7588, 0.8196, 0.8687, 0.9088, 0.9682, 0.9993] leastConfidence
[0.1078, 0.2122, 0.3055, 0.4091, 0.4983, 0.5957, 0.6904, 0.803, 0.9026, 0.9993] random

TAGCN
pubmed_dice

pubmed_nodeembeddingattack_add

pubmed_nodeembeddingattack_remove

pubmed_randomattack_add

pubmed_randomattack_flip

pubmed_randomattack_remove

GAT
pubmed_dice

pubmed_nodeembeddingattack_add

pubmed_nodeembeddingattack_remove

pubmed_randomattack_add

pubmed_randomattack_flip

pubmed_randomattack_remove



